<?xml version="1.0"?>
<opencv_storage>
<calibration_Time>"Mon Jul  3 00:03:59 2023"</calibration_Time>
<image_Width>640</image_Width>
<image_Height>512</image_Height>
<Camera_Matrix type_id="opencv-matrix">
  <rows>3</rows>
  <cols>3</cols>
  <dt>d</dt>
  <data>
    8.10891422746842522e+02 0. 3.13352902743759216e+02 0.
    8.10891422746842522e+02 1.51415493868225951e+02 0. 0. 1.</data></Camera_Matrix>
<Distortion_Coefficients type_id="opencv-matrix">
  <rows>5</rows>
  <cols>1</cols>
  <dt>d</dt>
  <data>
    -3.81250888182304293e-01 -2.01405875455546168e-02 4.47921959500614739e-02 1.97569973543511139e-04
    1.12257576914681897e-01</data></Distortion_Coefficients>
</opencv_storage>
