<?xml version="1.0"?>
<opencv_storage>
<calibration_Time>"Tue May 30 11:24:38 2023"</calibration_Time>
<image_Width>4000</image_Width>
<image_Height>3000</image_Height>
<Camera_Matrix type_id="opencv-matrix">
  <rows>3</rows>
  <cols>3</cols>
  <dt>d</dt>
  <data>
    2.79439257677425530e+03 0. 2.01776203949448472e+03 0.
    2.79439257677425530e+03 1.50318265954204412e+03 0. 0. 1.</data></Camera_Matrix>
<Distortion_Coefficients type_id="opencv-matrix">
  <rows>5</rows>
  <cols>1</cols>
  <dt>d</dt>
  <data>
    1.58556010372790906e-01 -3.55117729267804161e-01 -5.32396583519505911e-04 -8.69774258898756164e-05
    1.59844408226770568e-01</data></Distortion_Coefficients>
</opencv_storage>
